Расчет вязкости с помощью Стандартного метода (cP):
CB (%)    10        20        30        40        50        
0.00      1.27      0.97      0.77      0.63      0.54      
5.00      1.48      1.12      0.89      0.73      0.61      
10.00     1.77      1.32      1.04      0.85      0.71      
15.00     2.16      1.60      1.24      1.00      0.83      
20.00     2.71      1.97      1.51      1.20      0.99      
25.00     3.50      2.49      1.88      1.47      1.20      
30.00     4.70      3.26      2.41      1.86      1.49      
35.00     6.59      4.44      3.20      2.42      1.91      
40.00     9.76      6.35      4.44      3.28      2.53      
45.00     15.48     9.65      6.51      4.66      3.50      
50.00     26.83     15.85     10.21     7.03      5.11      

Сравнение с экспериментальными данными:
Temp (°C)   CB (%)    Эксп. вязкость (cP)      Рассч. вязкость (cP)     Ошибка (%)
40          0         0.65                     0.63                     2.47      
50          50        4.94                     5.11                     3.44      
30          30        2.50                     2.41                     3.73      
Расчет вязкости с помощью lambda-функций (cP):
CB (%)    10        20        30        40        50        
0.00      1.27      0.97      0.77      0.63      0.54      
5.00      1.48      1.12      0.89      0.73      0.61      
10.00     1.77      1.32      1.04      0.85      0.71      
15.00     2.16      1.60      1.24      1.00      0.83      
20.00     2.71      1.97      1.51      1.20      0.99      
25.00     3.50      2.49      1.88      1.47      1.20      
30.00     4.70      3.26      2.41      1.86      1.49      
35.00     6.59      4.44      3.20      2.42      1.91      
40.00     9.76      6.35      4.44      3.28      2.53      
45.00     15.48     9.65      6.51      4.66      3.50      
50.00     26.83     15.85     10.21     7.03      5.11      

Сравнение с экспериментальными данными:
Temp (°C)   CB (%)    Эксп. вязкость (cP)      Рассч. вязкость (cP)     Ошибка (%)
40          0         0.65                     0.63                     2.47      
50          50        4.94                     5.11                     3.44      
30          30        2.50                     2.41                     3.73      
Расчет вязкости с помощью map-функций (cP):
CB (%)    10        20        30        40        50        
0.00      1.27      0.97      0.77      0.63      0.54      
5.00      1.48      1.12      0.89      0.73      0.61      
10.00     1.77      1.32      1.04      0.85      0.71      
15.00     2.16      1.60      1.24      1.00      0.83      
20.00     2.71      1.97      1.51      1.20      0.99      
25.00     3.50      2.49      1.88      1.47      1.20      
30.00     4.70      3.26      2.41      1.86      1.49      
35.00     6.59      4.44      3.20      2.42      1.91      
40.00     9.76      6.35      4.44      3.28      2.53      
45.00     15.48     9.65      6.51      4.66      3.50      
50.00     26.83     15.85     10.21     7.03      5.11      

Сравнение с экспериментальными данными:
Temp (°C)   CB (%)    Эксп. вязкость (cP)      Рассч. вязкость (cP)     Ошибка (%)
40          0         0.65                     0.63                     2.47      
50          50        4.94                     5.11                     3.44      
30          30        2.50                     2.41                     3.73      
